
p1 =

     1     2     6     7


Roots =

  -0.3181 + 2.2430i
  -0.3181 - 2.2430i
  -1.3639 + 0.0000i


p2 =

     1     0     7


p3 =

     1     2    13    21    42    49


tFcn =
 
         s^2 + 7
  ---------------------
  s^3 + 2 s^2 + 6 s + 7
 
Continuous-time transfer function.


Poles =

  -0.3181 + 2.2430i
  -0.3181 - 2.2430i
  -1.3639 + 0.0000i


Zeros =

   0.0000 + 2.6458i
   0.0000 - 2.6458i

